[gd_scene load_steps=43 format=3 uid="uid://do6as2mse71kf"]

[ext_resource type="Material" uid="uid://dguhoh6oa2b8n" path="res://assets/Ice003_1K-JPG/Ice003_1K-JPG.tres" id="1_ik8gr"]
[ext_resource type="Script" uid="uid://bsfy1m5iuisrn" path="res://scripts/rings.gd" id="2_0uku0"]
[ext_resource type="Script" uid="uid://dnei57f0b42tj" path="res://scripts/create_rings.gd" id="3_47s2w"]
[ext_resource type="PackedScene" uid="uid://bq67n376nrrfv" path="res://Racers/RaceRing.tscn" id="4_gdbun"]
[ext_resource type="Script" uid="uid://d2xa2dxctif5j" path="res://scripts/race_ring.gd" id="5_jn01q"]
[ext_resource type="PackedScene" uid="uid://bv4wvc0fg51in" path="res://Racers/player.tscn" id="6_q57rj"]
[ext_resource type="PackedScene" uid="uid://bwos5cjp82ifw" path="res://Racers/Racer.tscn" id="7_2kx8y"]
[ext_resource type="Script" uid="uid://c17gwx06veiv0" path="res://addons/scene_object_brush/Brush.gd" id="8_iuwl3"]
[ext_resource type="PackedScene" uid="uid://mqf6uwj7r5nm" path="res://assets/Retro Tree Pack/Models/Super Low Res/GLB/dead_tree_rt_1.glb" id="9_uasbv"]
[ext_resource type="PackedScene" uid="uid://6c282bp2xj8t" path="res://assets/Retro Tree Pack/Models/Super Low Res/GLB/dead_tree_rt_2.glb" id="10_65ouw"]
[ext_resource type="PackedScene" uid="uid://c357enkevbqje" path="res://assets/Retro Tree Pack/Models/Super Low Res/GLB/small_tree_rt_1.glb" id="11_2ys6j"]
[ext_resource type="PackedScene" uid="uid://bavumf2l7wav8" path="res://assets/Retro Tree Pack/Models/Super Low Res/GLB/tree_rt_1.glb" id="12_kwdyx"]
[ext_resource type="PackedScene" uid="uid://dumgk3lbf2fa8" path="res://assets/Retro Tree Pack/Models/Super Low Res/GLB/tree_rt_2.glb" id="13_v4b7y"]
[ext_resource type="PackedScene" uid="uid://bgp0wts88kmts" path="res://assets/Retro Tree Pack/Models/Super Low Res/GLB/tree_rt_2_1.glb" id="14_80ipr"]
[ext_resource type="PackedScene" uid="uid://b4ni05jsfs2g0" path="res://assets/Retro Tree Pack/Models/Super Low Res/GLB/tree_rt_3.glb" id="15_7bjms"]
[ext_resource type="PackedScene" uid="uid://sv40tdibukpv" path="res://assets/Retro Tree Pack/Models/Super Low Res/GLB/tree_rt_4.glb" id="16_bbhcs"]
[ext_resource type="Material" uid="uid://5krk7pyg3mcm" path="res://assets/grass_ice.tres" id="17_0uku0"]

[sub_resource type="ProceduralSkyMaterial" id="ProceduralSkyMaterial_hf3fd"]
ground_horizon_color = Color(0.66224277, 0.6717428, 0.6867428, 1)
use_debanding = false

[sub_resource type="Sky" id="Sky_822i5"]
sky_material = SubResource("ProceduralSkyMaterial_hf3fd")

[sub_resource type="Environment" id="Environment_ahw34"]
background_mode = 2
sky = SubResource("Sky_822i5")
tonemap_mode = 2
glow_enabled = true
glow_intensity = 1.71
glow_blend_mode = 0

[sub_resource type="PhysicsMaterial" id="PhysicsMaterial_5jkqj"]
friction = 0.11

[sub_resource type="BoxMesh" id="BoxMesh_023fv"]
material = ExtResource("1_ik8gr")

[sub_resource type="ConvexPolygonShape3D" id="ConvexPolygonShape3D_fttkn"]
points = PackedVector3Array(0.5, 0.5, 0.5, 0.5, 0.5, -0.5, -0.5, 0.5, 0.5, 0.5, -0.5, 0.5, 0.5, -0.5, -0.5, -0.5, 0.5, -0.5, -0.5, -0.5, 0.5, -0.5, -0.5, -0.5)

[sub_resource type="Curve3D" id="Curve3D_822i5"]
_data = {
"points": PackedVector3Array(0, 0, 0, 0, 0, 0, 105.470276, 0.00011920929, 5.807142, 0, 0, 0, 0, 0, 0, 180.35645, -14.15871, -10.3962965, 0, 0, 0, 0, 0, 0, 258.3081, -26.27686, -26.599735, 0, 0, 0, 0, 0, 0, 316.11496, -27.918667, 7.120933, 0, 0, 0, 0, 0, 0, 367.7908, -31.341133, 60.110558, 0, 0, 0, 0, 0, 0, 490.336, -82.63003, 35.1485, 0, 0, 0, 0, 0, 0, 612.86176, -93.18837, 38.960995),
"tilts": PackedFloat32Array(0, 0, 0, 0, 0, 0, 0)
}
point_count = 7

[sub_resource type="ParticleProcessMaterial" id="ParticleProcessMaterial_6xyyq"]
lifetime_randomness = 0.84
gravity = Vector3(0, -5, 0)
turbulence_enabled = true
turbulence_noise_strength = 7.84
turbulence_noise_scale = 0.0
turbulence_noise_speed = Vector3(16.75, 12.38, 18.165)
turbulence_noise_speed_random = 0.0
turbulence_initial_displacement_min = -10.999999
turbulence_initial_displacement_max = 42.000004

[sub_resource type="StandardMaterial3D" id="StandardMaterial3D_t2h6a"]
emission_enabled = true
emission = Color(1, 1, 1, 1)

[sub_resource type="BoxMesh" id="BoxMesh_1gc1e"]
material = SubResource("StandardMaterial3D_t2h6a")
size = Vector3(0.2, 0.2, 0.2)

[sub_resource type="CompressedTexture2D" id="CompressedTexture2D_mxbma"]
load_path = "res://.godot/imported/Grass002_1K-JPG_Color.jpg-ddb5156596641ee23f8f16906822c106.s3tc.ctex"

[sub_resource type="CompressedTexture2D" id="CompressedTexture2D_3rvh3"]
load_path = "res://.godot/imported/Grass002_1K-JPG_AmbientOcclusion.jpg-db6971f639f0300c39cb982cde527f88.s3tc.ctex"

[sub_resource type="CompressedTexture2D" id="CompressedTexture2D_y7pw8"]
load_path = "res://.godot/imported/Grass002_1K-JPG_Displacement.jpg-990f5332a6ff5725cda795f660871c38.s3tc.ctex"

[sub_resource type="CompressedTexture2D" id="CompressedTexture2D_mvqae"]
load_path = "res://.godot/imported/pixel_ice.jpg-51d5b9b5dc48ce2207fdfe6ff0ddfae4.s3tc.ctex"

[sub_resource type="CompressedTexture2D" id="CompressedTexture2D_16y0o"]
load_path = "res://.godot/imported/Ice003_1K-JPG_Displacement.jpg-7b694e92733c20dc24913dea5a2e500d.s3tc.ctex"

[sub_resource type="CompressedTexture2D" id="CompressedTexture2D_c2omu"]
load_path = "res://.godot/imported/Ice003_1K-JPG_NormalGL.jpg-1997e1ed5d396eae3309749b2ab8f9a2.s3tc.ctex"

[sub_resource type="CompressedTexture2D" id="CompressedTexture2D_j32yp"]
load_path = "res://.godot/imported/Ice003_1K-JPG_Roughness.jpg-6767dea13411a9167c77037550b76ef1.s3tc.ctex"

[sub_resource type="StandardMaterial3D" id="StandardMaterial3D_qcwgv"]
transparency = 1
blend_mode = 1
albedo_color = Color(1, 1, 1, 0.78431374)
albedo_texture = SubResource("CompressedTexture2D_mvqae")
roughness_texture = SubResource("CompressedTexture2D_j32yp")
roughness_texture_channel = 4
normal_enabled = true
normal_texture = SubResource("CompressedTexture2D_c2omu")
heightmap_enabled = true
heightmap_scale = 1.0
heightmap_texture = SubResource("CompressedTexture2D_16y0o")
uv1_scale = Vector3(50, 50, 50)

[sub_resource type="CompressedTexture2D" id="CompressedTexture2D_es4jt"]
load_path = "res://.godot/imported/Grass002_1K-JPG_NormalGL.jpg-eb5f567efee3a775dd706b6e7904b160.s3tc.ctex"

[sub_resource type="CompressedTexture2D" id="CompressedTexture2D_euryl"]
load_path = "res://.godot/imported/Grass002_1K-JPG_Roughness.jpg-2eb9366fc36b3f6ddb809fbb7b151af4.s3tc.ctex"

[sub_resource type="StandardMaterial3D" id="StandardMaterial3D_47s2w"]
next_pass = SubResource("StandardMaterial3D_qcwgv")
albedo_texture = SubResource("CompressedTexture2D_mxbma")
roughness_texture = SubResource("CompressedTexture2D_euryl")
roughness_texture_channel = 4
normal_texture = SubResource("CompressedTexture2D_es4jt")
ao_texture = SubResource("CompressedTexture2D_3rvh3")
ao_texture_channel = 4
heightmap_scale = 1.0
heightmap_texture = SubResource("CompressedTexture2D_y7pw8")
uv1_scale = Vector3(-1.675, 6, 6)

[sub_resource type="StandardMaterial3D" id="StandardMaterial3D_gdbun"]
next_pass = SubResource("StandardMaterial3D_qcwgv")
albedo_texture = SubResource("CompressedTexture2D_mxbma")
roughness_texture = SubResource("CompressedTexture2D_euryl")
roughness_texture_channel = 4
normal_texture = SubResource("CompressedTexture2D_es4jt")
ao_texture = SubResource("CompressedTexture2D_3rvh3")
ao_texture_channel = 4
heightmap_scale = 1.0
heightmap_texture = SubResource("CompressedTexture2D_y7pw8")
uv1_scale = Vector3(-1.675, 6, 6)

[sub_resource type="StandardMaterial3D" id="StandardMaterial3D_jn01q"]
next_pass = SubResource("StandardMaterial3D_qcwgv")
albedo_texture = SubResource("CompressedTexture2D_mxbma")
roughness_texture = SubResource("CompressedTexture2D_euryl")
roughness_texture_channel = 4
normal_texture = SubResource("CompressedTexture2D_es4jt")
ao_texture = SubResource("CompressedTexture2D_3rvh3")
ao_texture_channel = 4
heightmap_scale = 1.0
heightmap_texture = SubResource("CompressedTexture2D_y7pw8")
uv1_scale = Vector3(-1.675, 6, 6)

[sub_resource type="StandardMaterial3D" id="StandardMaterial3D_q57rj"]
next_pass = SubResource("StandardMaterial3D_qcwgv")
albedo_texture = SubResource("CompressedTexture2D_mxbma")
roughness_texture = SubResource("CompressedTexture2D_euryl")
roughness_texture_channel = 4
normal_texture = SubResource("CompressedTexture2D_es4jt")
ao_texture = SubResource("CompressedTexture2D_3rvh3")
ao_texture_channel = 4
heightmap_scale = 1.0
heightmap_texture = SubResource("CompressedTexture2D_y7pw8")
uv1_scale = Vector3(-1.675, 6, 6)

[sub_resource type="BoxShape3D" id="BoxShape3D_0uku0"]
size = Vector3(152.06891, 159.54199, 81.820496)

[node name="Node3D" type="Node3D"]

[node name="DirectionalLight3D" type="DirectionalLight3D" parent="."]
transform = Transform3D(-0.6984616, 0.2802332, -0.6584989, -0.33793926, -0.9402445, -0.04168589, -0.63083154, 0.19341663, 0.75142634, 0, 40.934315, 0)
visible = false
light_energy = 0.158
directional_shadow_mode = 0
sky_mode = 1

[node name="WorldEnvironment" type="WorldEnvironment" parent="."]
environment = SubResource("Environment_ahw34")

[node name="StaticBody3D8" type="StaticBody3D" parent="."]
transform = Transform3D(10, 0, 0, 0, 0.4, 0, 0, 0, 10, 48.03927, 10.099136, -1.5372658)
collision_layer = 3855
physics_material_override = SubResource("PhysicsMaterial_5jkqj")

[node name="MeshInstance3D" type="MeshInstance3D" parent="StaticBody3D8"]
transform = Transform3D(14.698585, 0, 0, 0, 1, 0, 0, 0, 17.484327, 0, -4.4236755, 0)
mesh = SubResource("BoxMesh_023fv")

[node name="CollisionShape3D" type="CollisionShape3D" parent="StaticBody3D8"]
transform = Transform3D(14.698585, 0, 0, 0, 1, 0, 0, 0, 17.484327, 0, -4.3808556, 0)
shape = SubResource("ConvexPolygonShape3D_fttkn")

[node name="StaticBody3D9" type="StaticBody3D" parent="."]
transform = Transform3D(10, 0, 0, 0, 0.4, 0, 0, 0, 10, 588.47626, -78.56125, 38.531345)
collision_layer = 3855
physics_material_override = SubResource("PhysicsMaterial_5jkqj")

[node name="MeshInstance3D" type="MeshInstance3D" parent="StaticBody3D9"]
transform = Transform3D(157.319, 0, 0, 0, 1, 0, 0, 0, 187.126, 0, -4.4236755, 0)
mesh = SubResource("BoxMesh_023fv")

[node name="CollisionShape3D" type="CollisionShape3D" parent="StaticBody3D9"]
transform = Transform3D(14.698585, 0, 0, 0, 1, 0, 0, 0, 17.484327, 0, -4.3808556, 0)
shape = SubResource("ConvexPolygonShape3D_fttkn")

[node name="Rings" type="Node3D" parent="."]
script = ExtResource("2_0uku0")

[node name="RaceRing" type="Node3D" parent="Rings" instance=ExtResource("4_gdbun")]
transform = Transform3D(1.0408952, 0.008817738, -4.8904457, 0.1861053, 4.9962983, 0.048619755, 4.886911, -0.19214916, 1.0397966, 105.470276, 9.200059, 5.807142)
script = ExtResource("5_jn01q")

[node name="@Node3D@216039" type="Node3D" parent="Rings" instance=ExtResource("4_gdbun")]
transform = Transform3D(1.017575, 0.73660916, -4.839623, 0, 4.9430723, 0.75235456, 4.895359, -0.15311542, 1.0059893, 180.35645, -0.33421612, -10.3962965)
script = ExtResource("5_jn01q")

[node name="@Node3D@216040" type="Node3D" parent="Rings" instance=ExtResource("4_gdbun")]
transform = Transform3D(-2.519355, 0.10592224, -4.3175955, 0, 4.998496, 0.12262657, 4.3188944, 0.061787978, -2.5185971, 252.71652, -13.107793, -3.2157593)
script = ExtResource("5_jn01q")

[node name="@Node3D@216041" type="Node3D" parent="Rings" instance=ExtResource("4_gdbun")]
transform = Transform3D(-1.3568792, 0.22228575, -4.807231, -1.3004541e-08, 4.9946637, 0.23095262, 4.812368, 0.06267497, -1.3554308, 316.11496, -23.940922, 7.120933)
script = ExtResource("5_jn01q")

[node name="@Node3D@216042" type="Node3D" parent="Rings" instance=ExtResource("4_gdbun")]
transform = Transform3D(0.9979898, 1.8590218, -4.532996, 0, 4.626083, 1.8971974, 4.8993893, -0.3786767, 0.92335665, 367.7908, -33.289307, 60.110558)
script = ExtResource("5_jn01q")

[node name="@Node3D@216043" type="Node3D" parent="Rings" instance=ExtResource("4_gdbun")]
transform = Transform3D(-0.48470575, 1.336749, -15.5199995, 0, 15.527511, 1.337396, 15.577461, 0.041594066, -0.4829178, 501.66376, -71.94641, 35.1485)
script = ExtResource("5_jn01q")

[node name="@Node3D@216044" type="Node3D" parent="Rings" instance=ExtResource("4_gdbun")]
transform = Transform3D(-4.845313, 0, -42.705223, 0, 43.692, 0, 52.171486, 0, -3.9661548, 612.86176, -74.806244, 38.960995)
script = ExtResource("5_jn01q")

[node name="Path3D" type="Path3D" parent="."]
transform = Transform3D(1, 0, 0, 0, 1, 0, 0, 0, 1, 0, 11.878055, 0)
curve = SubResource("Curve3D_822i5")
script = ExtResource("3_47s2w")

[node name="Player" parent="." instance=ExtResource("6_q57rj")]
transform = Transform3D(-0.19818777, 0, -0.98016405, 0, 1, 0, 0.98016405, 0, -0.19818777, 45.666096, 10.095782, -0.32288742)
floor_stop_on_slope = false
speed = 10.0
sprint_speed = 15.0
air_move_speed = 2.0
air_accel = 10.0
auto_behop = false

[node name="Joey" parent="." node_paths=PackedStringArray("race_path_node") instance=ExtResource("7_2kx8y")]
transform = Transform3D(1, 0, 0, 0, 1, 0, 0, 0, 1, 34.12054, 9.706071, -5.2623315)
race_path_node = NodePath("../Rings")
ground_friction = 0.8

[node name="Nora" parent="." node_paths=PackedStringArray("race_path_node") instance=ExtResource("7_2kx8y")]
transform = Transform3D(1, 0, 0, 0, 1, 0, 0, 0, 1, 38.471176, 9.706071, -1.9293604)
collision_layer = 2
collision_mask = 2
race_path_node = NodePath("../Rings")
ground_friction = 0.8

[node name="Bobby" parent="." node_paths=PackedStringArray("race_path_node") instance=ExtResource("7_2kx8y")]
transform = Transform3D(1, 0, 0, 0, 1, 0, 0, 0, 1, 31.609049, 9.706071, -1.9293604)
collision_layer = 4
collision_mask = 4
race_path_node = NodePath("../Rings")
ground_friction = 0.8

[node name="Savanah" parent="." node_paths=PackedStringArray("race_path_node") instance=ExtResource("7_2kx8y")]
transform = Transform3D(1, 0, 0, 0, 1, 0, 0, 0, 1, 35.187195, 9.706071, -0.91640186)
collision_layer = 256
collision_mask = 256
race_path_node = NodePath("../Rings")
ground_friction = 0.8

[node name="GPUParticles3D" type="GPUParticles3D" parent="."]
transform = Transform3D(1, 0, 0, 0, 1, 0, 0, 0, 1, 60.07582, 51.480576, 21.56147)
amount = 2048
lifetime = 20.0
randomness = 0.22
process_material = SubResource("ParticleProcessMaterial_6xyyq")
draw_pass_1 = SubResource("BoxMesh_1gc1e")

[node name="GPUParticles3D5" type="GPUParticles3D" parent="."]
transform = Transform3D(1, 0, 0, 0, 1, 0, 0, 0, 1, 427.46356, 1.3755074, 42.71477)
amount = 2048
lifetime = 20.0
randomness = 0.22
process_material = SubResource("ParticleProcessMaterial_6xyyq")
draw_pass_1 = SubResource("BoxMesh_1gc1e")

[node name="GPUParticles3D2" type="GPUParticles3D" parent="."]
transform = Transform3D(1, 0, 0, 0, 1, 0, 0, 0, 1, 194.85588, 57.23481, 27.234116)
amount = 2048
lifetime = 20.0
randomness = 0.22
process_material = SubResource("ParticleProcessMaterial_6xyyq")
draw_pass_1 = SubResource("BoxMesh_1gc1e")

[node name="GPUParticles3D3" type="GPUParticles3D" parent="."]
transform = Transform3D(1, 0, 0, 0, 1, 0, 0, 0, 1, 519.7179, -44.921818, 47.335175)
amount = 2048
lifetime = 20.0
randomness = 0.22
process_material = SubResource("ParticleProcessMaterial_6xyyq")
draw_pass_1 = SubResource("BoxMesh_1gc1e")

[node name="GPUParticles3D4" type="GPUParticles3D" parent="."]
transform = Transform3D(1, 0, 0, 0, 1, 0, 0, 0, 1, 321.4165, 17.442265, 22.33849)
amount = 2048
lifetime = 20.0
randomness = 0.22
process_material = SubResource("ParticleProcessMaterial_6xyyq")
draw_pass_1 = SubResource("BoxMesh_1gc1e")

[node name="Trees" type="Node3D" parent="."]

[node name="Brush" type="Node3D" parent="Trees"]
script = ExtResource("8_iuwl3")
brushSize = 4.855
brushDensity = 15
paintableObjects = Array[PackedScene]([ExtResource("9_uasbv"), ExtResource("10_65ouw"), ExtResource("11_2ys6j"), ExtResource("12_kwdyx"), ExtResource("13_v4b7y"), ExtResource("14_80ipr"), ExtResource("15_7bjms"), ExtResource("16_bbhcs")])
metadata/_custom_type_script = "uid://c17gwx06veiv0"

[node name="Brush_1766346708_51274" type="Node3D" parent="Trees/Brush" instance=ExtResource("16_bbhcs")]
transform = Transform3D(0.9862769, 0.16509928, 0, -0.16509928, 0.9862769, 0, 0, 0, 1, 148.30852, 3.469831, -24.186848)

[node name="Brush_1766346708_51278" type="Node3D" parent="Trees/Brush" instance=ExtResource("11_2ys6j")]
transform = Transform3D(0.9862769, 0.16509928, 0, -0.16509928, 0.9862769, 0, 0, 0, 1, 146.07367, 3.8439362, -37.124428)

[node name="Brush_1766346708_51281" type="Node3D" parent="Trees/Brush" instance=ExtResource("16_bbhcs")]
transform = Transform3D(0.9862769, 0.16509928, 0, -0.16509928, 0.9862769, 0, 0, 0, 1, 149.61945, 3.2503881, -27.629286)

[node name="Brush_1766346708_51284" type="Node3D" parent="Trees/Brush" instance=ExtResource("16_bbhcs")]
transform = Transform3D(0.9862769, 0.16509928, 0, -0.16509928, 0.9862769, 0, 0, 0, 1, 139.23514, 4.988683, -20.596909)

[node name="Brush_1766346708_51286" type="Node3D" parent="Trees/Brush" instance=ExtResource("11_2ys6j")]
transform = Transform3D(0.9862769, 0.16509928, 0, -0.16509928, 0.9862769, 0, 0, 0, 1, 149.4028, 3.2866497, -27.429955)

[node name="Brush_1766346708_51289" type="Node3D" parent="Trees/Brush" instance=ExtResource("12_kwdyx")]
transform = Transform3D(0.9862769, 0.16509928, 0, -0.16509928, 0.9862769, 0, 0, 0, 1, 141.03772, 4.6869354, -35.373234)

[node name="Brush_1766346708_51292" type="Node3D" parent="Trees/Brush" instance=ExtResource("13_v4b7y")]
transform = Transform3D(0.9862769, 0.16509928, 0, -0.16509928, 0.9862769, 0, 0, 0, 1, 148.9786, 3.3576603, -26.943787)

[node name="Brush_1766346708_99172" type="Node3D" parent="Trees/Brush" instance=ExtResource("14_80ipr")]
transform = Transform3D(0.9862769, 0.16509928, 0, -0.16509928, 0.9862769, 0, 0, 0, 1, 168.22772, 0.13542783, -47.619568)

[node name="Brush_1766346708_99177" type="Node3D" parent="Trees/Brush" instance=ExtResource("12_kwdyx")]
transform = Transform3D(0.9862769, 0.16509928, 0, -0.16509928, 0.9862769, 0, 0, 0, 1, 160.19772, 1.4796207, -44.421627)

[node name="Brush_1766346708_9918" type="Node3D" parent="Trees/Brush" instance=ExtResource("11_2ys6j")]
transform = Transform3D(0.9862769, 0.16509928, 0, -0.16509928, 0.9862769, 0, 0, 0, 1, 176.7361, -1.2888429, -19.785343)

[node name="Brush_1766346708_99183" type="Node3D" parent="Trees/Brush" instance=ExtResource("10_65ouw")]
transform = Transform3D(0.9862769, 0.16509928, 0, -0.16509928, 0.9862769, 0, 0, 0, 1, 175.94424, -1.1562912, -35.65724)

[node name="Brush_1766346708_99185" type="Node3D" parent="Trees/Brush" instance=ExtResource("14_80ipr")]
transform = Transform3D(0.9862769, 0.16509928, 0, -0.16509928, 0.9862769, 0, 0, 0, 1, 173.76239, -0.791054, -34.551197)

[node name="Brush_1766346708_99188" type="Node3D" parent="Trees/Brush" instance=ExtResource("13_v4b7y")]
transform = Transform3D(0.9862769, 0.16509928, 0, -0.16509928, 0.9862769, 0, 0, 0, 1, 169.50816, -0.07891667, -29.074055)

[node name="Brush_1766346709_34714" type="Node3D" parent="Trees/Brush" instance=ExtResource("10_65ouw")]
transform = Transform3D(0.9862769, 0.16509928, 0, -0.16509928, 0.9862769, 0, 0, 0, 1, 139.82735, 4.889545, -24.094557)

[node name="Brush_1766346709_3472" type="Node3D" parent="Trees/Brush" instance=ExtResource("9_uasbv")]
transform = Transform3D(0.9862769, 0.16509928, 0, -0.16509928, 0.9862769, 0, 0, 0, 1, 139.7512, 4.902292, -34.862736)

[node name="Brush_1766346709_34722" type="Node3D" parent="Trees/Brush" instance=ExtResource("14_80ipr")]
transform = Transform3D(0.9862769, 0.16509928, 0, -0.16509928, 0.9862769, 0, 0, 0, 1, 153.78223, 2.5535483, -29.00022)

[node name="Brush_1766346709_79037" type="Node3D" parent="Trees/Brush" instance=ExtResource("11_2ys6j")]
transform = Transform3D(0.9542816, 0.29802358, 0.022990063, -0.298909, 0.9514548, 0.0733969, 0, -0.076913245, 0.9970378, 115.89317, 6.6454444, 29.558645)

[node name="Brush_1766346709_79041" type="Node3D" parent="Trees/Brush" instance=ExtResource("9_uasbv")]
transform = Transform3D(0.9862769, 0.16509928, 0, -0.16509928, 0.9862769, 0, 0, 0, 1, 125.2957, 7.3220916, 32.81134)

[node name="Brush_1766346709_79044" type="Node3D" parent="Trees/Brush" instance=ExtResource("12_kwdyx")]
transform = Transform3D(0.9862769, 0.16509928, 0, -0.16509928, 0.9862769, 0, 0, 0, 1, 121.14158, 8.017479, 31.915459)

[node name="Brush_1766346709_79047" type="Node3D" parent="Trees/Brush" instance=ExtResource("9_uasbv")]
transform = Transform3D(0.9862769, 0.16509928, 0, -0.16509928, 0.9862769, 0, 0, 0, 1, 136.42183, 5.4596167, 25.25137)

[node name="Brush_1766346709_79049" type="Node3D" parent="Trees/Brush" instance=ExtResource("12_kwdyx")]
transform = Transform3D(0.9862769, 0.16509928, 0, -0.16509928, 0.9862769, 0, 0, 0, 1, 136.68884, 5.41492, 32.989677)

[node name="Brush_1766346709_79052" type="Node3D" parent="Trees/Brush" instance=ExtResource("16_bbhcs")]
transform = Transform3D(0.9862769, 0.16509928, 0, -0.16509928, 0.9862769, 0, 0, 0, 1, 124.0858, 7.5246263, 22.181847)

[node name="Brush_1766346709_79054" type="Node3D" parent="Trees/Brush" instance=ExtResource("15_7bjms")]
transform = Transform3D(0.9862769, 0.16509928, 0, -0.16509928, 0.9862769, 0, 0, 0, 1, 135.05365, 5.688646, 30.947533)

[node name="Brush_1766346709_95117" type="Node3D" parent="Trees/Brush" instance=ExtResource("9_uasbv")]
transform = Transform3D(0.9862769, 0.16509928, 0, -0.16509928, 0.9862769, 0, 0, 0, 1, 120.36684, 8.147165, 8.38575)

[node name="Brush_1766346709_95121" type="Node3D" parent="Trees/Brush" instance=ExtResource("13_v4b7y")]
transform = Transform3D(0.9862769, 0.16509928, 0, -0.16509928, 0.9862769, 0, 0, 0, 1, 121.785164, 7.9097457, 18.837765)

[node name="Brush_1766346709_95125" type="Node3D" parent="Trees/Brush" instance=ExtResource("10_65ouw")]
transform = Transform3D(0.9862769, 0.16509928, 0, -0.16509928, 0.9862769, 0, 0, 0, 1, 128.15486, 6.843481, 11.434605)

[node name="Brush_1766346709_95127" type="Node3D" parent="Trees/Brush" instance=ExtResource("13_v4b7y")]
transform = Transform3D(0.9862769, 0.16509928, 0, -0.16509928, 0.9862769, 0, 0, 0, 1, 119.5003, 8.292226, 12.511487)

[node name="Brush_1766346709_95129" type="Node3D" parent="Trees/Brush" instance=ExtResource("9_uasbv")]
transform = Transform3D(0.9862769, 0.16509928, 0, -0.16509928, 0.9862769, 0, 0, 0, 1, 127.49108, 6.9545984, 13.431406)

[node name="Brush_1766346710_65866" type="Node3D" parent="Trees/Brush" instance=ExtResource("10_65ouw")]
transform = Transform3D(0.88053596, -0.47257543, -0.036455296, 0.47397944, 0.87792754, 0.06772488, -3.7252903e-09, -0.07691325, 0.9970378, 64.24585, 46.14938, 84.21824)

[node name="Brush_1766346710_65871" type="Node3D" parent="Trees/Brush" instance=ExtResource("15_7bjms")]
transform = Transform3D(0.88053596, -0.47257543, -0.036455296, 0.47397944, 0.87792754, 0.06772488, -3.7252903e-09, -0.07691325, 0.9970378, 68.60448, 45.509106, 50.129295)

[node name="Brush_1766346710_65874" type="Node3D" parent="Trees/Brush" instance=ExtResource("11_2ys6j")]
transform = Transform3D(0.88053596, -0.47257543, -0.036455296, 0.47397944, 0.87792754, 0.06772488, -3.7252903e-09, -0.07691325, 0.9970378, 64.910164, 44.8845, 65.698555)

[node name="Brush_1766346710_81188" type="Node3D" parent="Trees/Brush" instance=ExtResource("9_uasbv")]
transform = Transform3D(0.9542816, 0.29802358, 0.022990063, -0.298909, 0.9514548, 0.0733969, 0, -0.076913245, 0.9970378, 13.015223, 44.853363, 103.57783)

[node name="Brush_1766346710_81192" type="Node3D" parent="Trees/Brush" instance=ExtResource("12_kwdyx")]
transform = Transform3D(0.9542816, 0.29802358, 0.022990063, -0.298909, 0.9514548, 0.0733969, 0, -0.076913245, 0.9970378, 19.505116, 43.187096, 108.11236)

[node name="Brush_1766346710_81196" type="Node3D" parent="Trees/Brush" instance=ExtResource("12_kwdyx")]
transform = Transform3D(0.9542816, 0.29802358, 0.022990063, -0.298909, 0.9514548, 0.0733969, 0, -0.076913245, 0.9970378, 9.642272, 45.515175, 98.695244)

[node name="Brush_1766346710_81198" type="Node3D" parent="Trees/Brush" instance=ExtResource("10_65ouw")]
transform = Transform3D(0.9542816, 0.29802358, 0.022990063, -0.298909, 0.9514548, 0.0733969, 0, -0.076913245, 0.9970378, 12.953738, 44.13049, 94.39727)

[node name="Brush_1766346710_81201" type="Node3D" parent="Trees/Brush" instance=ExtResource("11_2ys6j")]
transform = Transform3D(0.9542816, 0.29802358, 0.022990063, -0.298909, 0.9514548, 0.0733969, 0, -0.076913245, 0.9970378, 15.952937, 43.453987, 97.649925)

[node name="Brush_1766346710_95783" type="Node3D" parent="Trees/Brush" instance=ExtResource("15_7bjms")]
transform = Transform3D(0.9542816, 0.29802358, 0.022990063, -0.298909, 0.9514548, 0.0733969, 0, -0.076913245, 0.9970378, 9.638249, 45.11261, 93.69979)

[node name="Brush_1766346710_95788" type="Node3D" parent="Trees/Brush" instance=ExtResource("16_bbhcs")]
transform = Transform3D(0.9542816, 0.29802358, 0.022990063, -0.298909, 0.9514548, 0.0733969, 0, -0.076913245, 0.9970378, 7.742352, 45.353424, 89.33252)

[node name="Brush_1766346710_95791" type="Node3D" parent="Trees/Brush" instance=ExtResource("14_80ipr")]
transform = Transform3D(0.9542816, 0.29802358, 0.022990063, -0.298909, 0.9514548, 0.0733969, 0, -0.076913245, 0.9970378, 4.874563, 47.23896, 101.54544)

[node name="Brush_1766346711_10377" type="Node3D" parent="Trees/Brush" instance=ExtResource("16_bbhcs")]
transform = Transform3D(0.9542816, 0.29802358, 0.022990063, -0.298909, 0.9514548, 0.0733969, 0, -0.076913245, 0.9970378, 21.377817, 41.122295, 89.8261)

[node name="Brush_1766346711_10381" type="Node3D" parent="Trees/Brush" instance=ExtResource("9_uasbv")]
transform = Transform3D(0.9542816, 0.29802358, 0.022990063, -0.298909, 0.9514548, 0.0733969, 0, -0.076913245, 0.9970378, 25.499739, 39.65651, 87.66522)

[node name="Brush_1766346711_10384" type="Node3D" parent="Trees/Brush" instance=ExtResource("15_7bjms")]
transform = Transform3D(0.9542816, 0.29802358, 0.022990063, -0.298909, 0.9514548, 0.0733969, 0, -0.076913245, 0.9970378, 16.244143, 42.073475, 81.700676)

[node name="Brush_1766346711_10387" type="Node3D" parent="Trees/Brush" instance=ExtResource("12_kwdyx")]
transform = Transform3D(0.9542816, 0.29802358, 0.022990063, -0.298909, 0.9514548, 0.0733969, 0, -0.076913245, 0.9970378, 23.600145, 40.490997, 90.627716)

[node name="Brush_1766346711_2418" type="Node3D" parent="Trees/Brush" instance=ExtResource("14_80ipr")]
transform = Transform3D(0.88053596, -0.47257543, -0.036455296, 0.47397944, 0.87792754, 0.06772488, -3.7252903e-09, -0.07691325, 0.9970378, 47.199703, 37.883347, 94.60155)

[node name="Brush_1766346711_24185" type="Node3D" parent="Trees/Brush" instance=ExtResource("15_7bjms")]
transform = Transform3D(0.88053596, -0.47257543, -0.036455296, 0.47397944, 0.87792754, 0.06772488, -3.7252903e-09, -0.07691325, 0.9970378, 51.993046, 39.728382, 86.210175)

[node name="Brush_1766346711_24187" type="Node3D" parent="Trees/Brush" instance=ExtResource("10_65ouw")]
transform = Transform3D(0.9542816, 0.29802358, 0.022990063, -0.298909, 0.9514548, 0.0733969, 0, -0.076913245, 0.9970378, 32.18227, 39.60514, 112.92325)

[node name="Brush_1766346711_2419" type="Node3D" parent="Trees/Brush" instance=ExtResource("10_65ouw")]
transform = Transform3D(0.9542816, 0.29802358, 0.022990063, -0.298909, 0.9514548, 0.0733969, 0, -0.076913245, 0.9970378, 35.947594, 37.358265, 99.71818)

[node name="Brush_1766346711_38766" type="Node3D" parent="Trees/Brush" instance=ExtResource("13_v4b7y")]
transform = Transform3D(0.88053596, -0.47257543, -0.036455296, 0.47397944, 0.87792754, 0.06772488, -3.7252903e-09, -0.07691325, 0.9970378, 46.00636, 36.70306, 88.461426)

[node name="Brush_1766346711_3877" type="Node3D" parent="Trees/Brush" instance=ExtResource("14_80ipr")]
transform = Transform3D(0.9542816, 0.29802358, 0.022990063, -0.298909, 0.9514548, 0.0733969, 0, -0.076913245, 0.9970378, 35.41484, 37.288437, 96.79005)

[node name="Brush_1766346711_38773" type="Node3D" parent="Trees/Brush" instance=ExtResource("9_uasbv")]
transform = Transform3D(0.9542816, 0.29802358, 0.022990063, -0.298909, 0.9514548, 0.0733969, 0, -0.076913245, 0.9970378, 35.32824, 37.6666, 101.13253)

[node name="Brush_1766346711_38776" type="Node3D" parent="Trees/Brush" instance=ExtResource("11_2ys6j")]
transform = Transform3D(0.9542816, 0.29802358, 0.022990063, -0.298909, 0.9514548, 0.0733969, 0, -0.076913245, 0.9970378, 33.49015, 37.637794, 93.65399)

[node name="Brush_1766346711_38779" type="Node3D" parent="Trees/Brush" instance=ExtResource("16_bbhcs")]
transform = Transform3D(0.9542816, 0.29802358, 0.022990063, -0.298909, 0.9514548, 0.0733969, 0, -0.076913245, 0.9970378, 31.577572, 38.4409, 96.17795)

[node name="Brush_1766346711_38781" type="Node3D" parent="Trees/Brush" instance=ExtResource("16_bbhcs")]
transform = Transform3D(0.9542816, 0.29802358, 0.022990063, -0.298909, 0.9514548, 0.0733969, 0, -0.076913245, 0.9970378, 28.425434, 38.674095, 86.8488)

[node name="Brush_1766346712_25665" type="Node3D" parent="Trees/Brush" instance=ExtResource("15_7bjms")]
transform = Transform3D(0.88053596, -0.47257543, -0.036455296, 0.47397944, 0.87792754, 0.06772488, -3.7252903e-09, -0.07691325, 0.9970378, 57.877293, 42.678856, 83.73403)

[node name="Brush_1766346712_25671" type="Node3D" parent="Trees/Brush" instance=ExtResource("14_80ipr")]
transform = Transform3D(0.88053596, -0.47257543, -0.036455296, 0.47397944, 0.87792754, 0.06772488, -3.7252903e-09, -0.07691325, 0.9970378, 59.19906, 42.233315, 70.52714)

[node name="Brush_1766346712_30785" type="Node3D" parent="Trees/Brush" instance=ExtResource("10_65ouw")]
transform = Transform3D(0.88053596, -0.47257543, -0.036455296, 0.47397944, 0.87792754, 0.06772488, -3.7252903e-09, -0.07691325, 0.9970378, 43.634026, 36.87493, 104.999435)

[node name="Brush_1766346712_30789" type="Node3D" parent="Trees/Brush" instance=ExtResource("14_80ipr")]
transform = Transform3D(0.9542816, 0.29802358, 0.022990063, -0.298909, 0.9514548, 0.0733969, 0, -0.076913245, 0.9970378, 40.525135, 36.70429, 109.36524)

[node name="Brush_1766346712_30794" type="Node3D" parent="Trees/Brush" instance=ExtResource("10_65ouw")]
transform = Transform3D(0.9542816, 0.29802358, 0.022990063, -0.298909, 0.9514548, 0.0733969, 0, -0.076913245, 0.9970378, 32.487663, 38.56756, 101.27118)

[node name="Brush_1766346712_30797" type="Node3D" parent="Trees/Brush" instance=ExtResource("16_bbhcs")]
transform = Transform3D(0.9542816, 0.29802358, 0.022990063, -0.298909, 0.9514548, 0.0733969, 0, -0.076913245, 0.9970378, 39.78922, 36.097492, 99.00734)

[node name="Brush_1766346712_30799" type="Node3D" parent="Trees/Brush" instance=ExtResource("11_2ys6j")]
transform = Transform3D(0.9542816, 0.29802358, 0.022990063, -0.298909, 0.9514548, 0.0733969, 0, -0.076913245, 0.9970378, 33.831295, 37.15573, 89.01252)

[node name="Brush_1766346712_30801" type="Node3D" parent="Trees/Brush" instance=ExtResource("14_80ipr")]
transform = Transform3D(0.9542816, 0.29802358, 0.022990063, -0.298909, 0.9514548, 0.0733969, 0, -0.076913245, 0.9970378, 35.072987, 36.454372, 85.14768)

[node name="Brush_1766346712_30804" type="Node3D" parent="Trees/Brush" instance=ExtResource("10_65ouw")]
transform = Transform3D(0.9542816, 0.29802358, 0.022990063, -0.298909, 0.9514548, 0.0733969, 0, -0.076913245, 0.9970378, 35.664944, 37.165504, 96.23845)

[node name="Brush_1766346712_42569" type="Node3D" parent="Trees/Brush" instance=ExtResource("9_uasbv")]
transform = Transform3D(0.9542816, 0.29802358, 0.022990063, -0.298909, 0.9514548, 0.0733969, 0, -0.076913245, 0.9970378, 16.187584, 42.741028, 89.73942)

[node name="Brush_1766346712_42573" type="Node3D" parent="Trees/Brush" instance=ExtResource("13_v4b7y")]
transform = Transform3D(0.9542816, 0.29802358, 0.022990063, -0.298909, 0.9514548, 0.0733969, 0, -0.076913245, 0.9970378, 14.129302, 42.56976, 79.64537)

[node name="Brush_1766346712_42576" type="Node3D" parent="Trees/Brush" instance=ExtResource("11_2ys6j")]
transform = Transform3D(0.9542816, 0.29802358, 0.022990063, -0.298909, 0.9514548, 0.0733969, 0, -0.076913245, 0.9970378, 15.906875, 43.507175, 98.129456)

[node name="Brush_1766346712_45753" type="Node3D" parent="Trees/Brush" instance=ExtResource("12_kwdyx")]
transform = Transform3D(0.9542816, 0.29802358, 0.022990063, -0.298909, 0.9514548, 0.0733969, 0, -0.076913245, 0.9970378, 18.777142, 39.331196, 57.592224)

[node name="Brush_1766346712_45757" type="Node3D" parent="Trees/Brush" instance=ExtResource("11_2ys6j")]
transform = Transform3D(0.9542816, 0.29802358, 0.022990063, -0.298909, 0.9514548, 0.0733969, 0, -0.076913245, 0.9970378, 24.88718, 38.80613, 74.772064)

[node name="Brush_1766346712_51705" type="Node3D" parent="Trees/Brush" instance=ExtResource("9_uasbv")]
transform = Transform3D(0.88053596, -0.47257543, -0.036455296, 0.47397944, 0.87792754, 0.06772488, -3.7252903e-09, -0.07691325, 0.9970378, 49.666157, 35.962727, 57.524048)

[node name="Brush_1766346712_5171" type="Node3D" parent="Trees/Brush" instance=ExtResource("14_80ipr")]
transform = Transform3D(0.88053596, -0.47257543, -0.036455296, 0.47397944, 0.87792754, 0.06772488, -3.7252903e-09, -0.07691325, 0.9970378, 46.538174, 34.89571, 64.56371)

[node name="Brush_1766346712_51713" type="Node3D" parent="Trees/Brush" instance=ExtResource("13_v4b7y")]
transform = Transform3D(0.88053596, -0.47257543, -0.036455296, 0.47397944, 0.87792754, 0.06772488, -3.7252903e-09, -0.07691325, 0.9970378, 49.142365, 35.642307, 57.084927)

[node name="Brush_1766346712_51715" type="Node3D" parent="Trees/Brush" instance=ExtResource("10_65ouw")]
transform = Transform3D(0.9542816, 0.29802358, 0.022990063, -0.298909, 0.9514548, 0.0733969, 0, -0.076913245, 0.9970378, 25.779312, 36.727917, 52.52035)

[node name="Brush_1766346712_54974" type="Node3D" parent="Trees/Brush" instance=ExtResource("16_bbhcs")]
transform = Transform3D(0.88053596, -0.47257543, -0.036455296, 0.47397944, 0.87792754, 0.06772488, -3.7252903e-09, -0.07691325, 0.9970378, 64.99676, 46.01179, 78.034)

[node name="Brush_1766346712_54978" type="Node3D" parent="Trees/Brush" instance=ExtResource("14_80ipr")]
transform = Transform3D(0.88053596, -0.47257543, -0.036455296, 0.47397944, 0.87792754, 0.06772488, -3.7252903e-09, -0.07691325, 0.9970378, 65.796265, 46.957718, 83.918915)

[node name="Brush_1766346712_68263" type="Node3D" parent="Trees/Brush" instance=ExtResource("15_7bjms")]
transform = Transform3D(0.88053596, -0.47257543, -0.036455296, 0.47397944, 0.87792754, 0.06772488, -3.7252903e-09, -0.07691325, 0.9970378, 90.49199, 60.0006, 81.06003)

[node name="Brush_1766346712_68268" type="Node3D" parent="Trees/Brush" instance=ExtResource("12_kwdyx")]
transform = Transform3D(0.88053596, -0.47257543, -0.036455296, 0.47397944, 0.87792754, 0.06772488, -3.7252903e-09, -0.07691325, 0.9970378, 86.78587, 58.509888, 86.81561)

[node name="Brush_1766346712_73162" type="Node3D" parent="Trees/Brush" instance=ExtResource("14_80ipr")]
transform = Transform3D(0.45726806, 0.86382663, 0.21144605, -0.8893289, 0.44415548, 0.10871965, 0, -0.23775911, 0.97132415, 100.50911, 43.808247, 60.165154)

[node name="Brush_1766346712_8173" type="Node3D" parent="Trees/Brush" instance=ExtResource("9_uasbv")]
transform = Transform3D(0.45726806, 0.86382663, 0.21144605, -0.8893289, 0.44415548, 0.10871965, 0, -0.23775911, 0.97132415, 103.45469, 61.63812, 104.17487)

[node name="Brush_1766346718_26294" type="Node3D" parent="Trees/Brush" instance=ExtResource("13_v4b7y")]
transform = Transform3D(0.9542816, 0.29802358, 0.022990063, -0.298909, 0.9514548, 0.0733969, 0, -0.076913245, 0.9970378, 32.630833, 37.610935, 89.99205)

[node name="Brush_1766346718_263" type="Node3D" parent="Trees/Brush" instance=ExtResource("11_2ys6j")]
transform = Transform3D(0.9542816, 0.29802358, 0.022990063, -0.298909, 0.9514548, 0.0733969, 0, -0.076913245, 0.9970378, 35.028976, 37.002, 91.751526)

[node name="Brush_1766346718_26303" type="Node3D" parent="Trees/Brush" instance=ExtResource("9_uasbv")]
transform = Transform3D(0.9542816, 0.29802358, 0.022990063, -0.298909, 0.9514548, 0.0733969, 0, -0.076913245, 0.9970378, 35.52284, 37.64065, 101.56556)

[node name="Brush_1766346718_26306" type="Node3D" parent="Trees/Brush" instance=ExtResource("16_bbhcs")]
transform = Transform3D(0.9542816, 0.29802358, 0.022990063, -0.298909, 0.9514548, 0.0733969, 0, -0.076913245, 0.9970378, 40.037766, 36.566986, 105.77828)

[node name="Brush_1766346718_26309" type="Node3D" parent="Trees/Brush" instance=ExtResource("11_2ys6j")]
transform = Transform3D(0.9542816, 0.29802358, 0.022990063, -0.298909, 0.9514548, 0.0733969, 0, -0.076913245, 0.9970378, 41.08929, 38.199406, 130.04655)

[node name="Brush_1766346718_26311" type="Node3D" parent="Trees/Brush" instance=ExtResource("15_7bjms")]
transform = Transform3D(0.9542816, 0.29802358, 0.022990063, -0.298909, 0.9514548, 0.0733969, 0, -0.076913245, 0.9970378, 32.951008, 37.306545, 87.467224)

[node name="Brush_1766346718_26314" type="Node3D" parent="Trees/Brush" instance=ExtResource("9_uasbv")]
transform = Transform3D(0.9542816, 0.29802358, 0.022990063, -0.298909, 0.9514548, 0.0733969, 0, -0.076913245, 0.9970378, 37.833042, 37.186764, 104.90234)

[node name="Brush_1766346718_26317" type="Node3D" parent="Trees/Brush" instance=ExtResource("16_bbhcs")]
transform = Transform3D(0.9542816, 0.29802358, 0.022990063, -0.298909, 0.9514548, 0.0733969, 0, -0.076913245, 0.9970378, 28.72425, 37.62134, 74.98351)

[node name="Brush_1766346718_2632" type="Node3D" parent="Trees/Brush" instance=ExtResource("15_7bjms")]
transform = Transform3D(0.9542816, 0.29802358, 0.022990063, -0.298909, 0.9514548, 0.0733969, 0, -0.076913245, 0.9970378, 39.066357, 36.375782, 99.64897)

[node name="Brush_1766346718_26323" type="Node3D" parent="Trees/Brush" instance=ExtResource("13_v4b7y")]
transform = Transform3D(0.88053596, -0.47257543, -0.036455296, 0.47397944, 0.87792754, 0.06772488, -3.7252903e-09, -0.07691325, 0.9970378, 50.557186, 37.85832, 73.686615)

[node name="Brush_1766346718_4448" type="Node3D" parent="Trees/Brush" instance=ExtResource("14_80ipr")]
transform = Transform3D(0.9542816, 0.29802358, 0.022990063, -0.298909, 0.9514548, 0.0733969, 0, -0.076913245, 0.9970378, 15.572523, 41.23992, 68.786835)

[node name="Brush_1766346718_44485" type="Node3D" parent="Trees/Brush" instance=ExtResource("9_uasbv")]
transform = Transform3D(0.9542816, 0.29802358, 0.022990063, -0.298909, 0.9514548, 0.0733969, 0, -0.076913245, 0.9970378, 9.759934, 43.043842, 68.57956)

[node name="Brush_1766346718_44489" type="Node3D" parent="Trees/Brush" instance=ExtResource("10_65ouw")]
transform = Transform3D(0.9542816, 0.29802358, 0.022990063, -0.298909, 0.9514548, 0.0733969, 0, -0.076913245, 0.9970378, 15.604308, 42.60791, 85.8327)

[node name="Brush_1766346718_44492" type="Node3D" parent="Trees/Brush" instance=ExtResource("11_2ys6j")]
transform = Transform3D(0.9542816, 0.29802358, 0.022990063, -0.298909, 0.9514548, 0.0733969, 0, -0.076913245, 0.9970378, 9.071606, 42.750175, 62.27964)

[node name="Brush_1766346718_44494" type="Node3D" parent="Trees/Brush" instance=ExtResource("13_v4b7y")]
transform = Transform3D(0.9542816, 0.29802358, 0.022990063, -0.298909, 0.9514548, 0.0733969, 0, -0.076913245, 0.9970378, 14.638226, 41.33178, 66.302956)

[node name="Brush_1766346718_44497" type="Node3D" parent="Trees/Brush" instance=ExtResource("11_2ys6j")]
transform = Transform3D(0.9542816, 0.29802358, 0.022990063, -0.298909, 0.9514548, 0.0733969, 0, -0.076913245, 0.9970378, 24.425922, 41.71545, 108.97453)

[node name="Brush_1766346718_445" type="Node3D" parent="Trees/Brush" instance=ExtResource("10_65ouw")]
transform = Transform3D(0.9542816, 0.29802358, 0.022990063, -0.298909, 0.9514548, 0.0733969, 0, -0.076913245, 0.9970378, 25.632622, 42.099033, 118.39533)

[node name="Brush_1766346718_44503" type="Node3D" parent="Trees/Brush" instance=ExtResource("10_65ouw")]
transform = Transform3D(0.9542816, 0.29802358, 0.022990063, -0.298909, 0.9514548, 0.0733969, 0, -0.076913245, 0.9970378, 14.289019, 42.079155, 74.195244)

